1050108
2060300
4071100
4071100
6260100
4010200
3010200
2010500
2020600
1050105
4070200
6020800
6990300
4010100
6050200
4010100
4010100
6260100
4010100
4050100
6020800
1050108
1050108
6040100
4010100
1050106
4050100
2060300
2020700
2021300
1050102
2022100
4010100
2020700
1050107
2022100
1050104
1050104
2020700
1050104
1050108
3010200
1050108
6070500
4990000
2020700
1050108
2021500
2023400
2011700
2060300
1050105
1059900
2023300
4010200
4010100
1050104
1059900
6269900
2021300
4010200
2029900
1050108
4010200
3990000
4050100
4010200
2030000
1050112
2021300
4010100
1050110
4010200
2021300
4010100
6990300
2023400
4010200
2022100
1050108
2060300
2023400
4990000
4010200
6240100
4020100
6240100
1050108
2120200
2021300
1050108
1050108
2021700
3020300
4010100
2010500
6020800
2023400
1050108
1050108
6240100
2021400
4020100
6240100